100.0
240.0
160.0
280.0
218.0
336.0
290.0
407.6
379.0
499.2
489.52
615.76
627.26
763.584
799.364
950.612
1014.8068
1186.8432
1284.8656
1484.86576
1623.71492
1860.5232
2049.174632
2333.75276
2583.650764
2929.6400064
3255.3187792
3679.7454352
4099.61185688
4623.77319168
5161.09282184
5811.67010658
6495.80864586
7306.26599011
8174.25194936
9186.59472994
10285.086012
11552.0717188
12939.8301529
14527.7483942
16278.7530979
18270.9215967
20478.285792
22979.4470557
25760.3454211
28902.1963737
32404.0634114
36352.2101635
40760.5372283
45723.2424832
51271.3856022
57510.5709452
64492.0878216
72337.172314
81121.3405709
90986.6469728
102037.983816
114444.632318
128347.447267
143950.893779
161440.172113
181064.846464
203065.095595
227747.970265
255422.082099
286467.47403
321278.185712
360326.687476
404113.888728
453229.072022
508307.044794
570084.518515
639364.248071
717068.834676
804211.856254
901950.136142
1011562.048
1134499.39086
1272373.26085
1427006.81407
1600429.34382
1794931.40533
2013068.03272
2257717.9555
2532097.24817
2839824.70258
3184947.64254
3572015.94776
4006122.30787
4492987.94653
5039020.26168
5651414.00288
6338230.08177
7108516.84987
7972414.90852
8941304.26651
10027941.2867
11246638.9332
12613443.6308
14146357.6172
15865565.5461
17793710.2367
19956181.4326
22381459.1076
25101480.0346
28152066.4178
31573389.9994
35410508.3355
39713951.2864
44540392.9771
49953391.9534
56024234.068
62832865.6775
70468951.7564
79033051.6864
88637948.2987
99410128.6055
111491453.812
125041023.434
140237274.363
157280327.057
176394624.431
197831884.273
221874417.278
248838841.864
279080256.576
312996913.747
351035466.676
393696849.249
441542875.083
495203633.959
555385791.601
622881893.9
698580805.901
783479415.616
878695763.841
985483766.187
1105249727.55
1239570860.52
1390216057.18
1559169182.65
1748655202.03
1961169480.13
2199510644.28
2466817438.8
2766610060.51
3102836515.67
3479924612.7
3902840271.66
4377152921.89
4909108845.76
5505713437.49
6174823457.31
6925250498.83
7766877029.38
8710786534.04
9769409474.88
10956686989.8
12288254484.6
13781647538.2
15456532830.1
17334967134.1
19441687786.2
21804438453.9
24454334496.0
27426272724.6
30759390965.4
34497583469.1
38690078959.9
43392088934.7
48665534750.3
54579863073.6
61212960433.2
68652178917.1
76995486522.9
86352757311.1
96847218349.7
1.08617072507e+11
1.21817318464e+11
1.36621791908e+11
1.53225454801e+11
1.71846962852e+11
1.92731545029e+11
2.16154233003e+11
2.42423483079e+11
2.71885238294e+11
3.04927484183e+11
3.4198535821e+11
3.83546880149e+11
4.30159378876e+11
4.8243670021e+11
5.41067290727e+11
6.06823264e+11
6.80570568656e+11
7.63280392166e+11
8.56041950529e+11
9.60076832297e+11
1.07675508583e+12
1.20761326162e+12
1.35437464734e+12
