0
200.0
40.0
220.0
80.0
248.0
128.0
286.0
185.6
336.4
255.6
402.12
341.44
486.88
447.424
595.38
578.944
733.5528
742.7624
908.8796
947.36736
1130.78736
1203.41952
1411.148792
1524.313728
1764.911432
1926.8854384
2210.8890568
2432.2990976
2772.75728768
3067.1654528
3480.30601288
3864.9468201
4371.01483221
4867.72456795
5492.03479752
6128.4222164
6902.68119433
7713.6016327
8677.56911736
9706.98009321
10910.5575633
12213.8540799
13719.7104937
15366.6636019
17253.537066
19331.9911087
21698.8408358
24319.3648821
27290.5927641
30592.3321601
34324.3498241
38482.3872011
43171.8755326
48406.490382
54300.7879552
60889.1042086
68299.2735848
76589.9108378
85907.1732221
96338.6759756
108055.082748
121179.101704
135913.535265
152423.985851
170954.863881
191724.603075
215031.014578
241157.974436
270471.421581
303336.637659
340206.117926
381546.719419
427920.587616
479921.60677
538250.543292
603660.396235
677026.923407
759302.66557
851584.056983
955074.089875
1071147.28244
1201321.16783
1347320.50611
1511058.0333
1694699.46792
1900654.25131
2131643.12519
2390699.94822
2681243.92225
3007093.99839
3372548.22441
3782412.77766
4242091.41631
4757631.82239
5335828.79429
5984291.38342
6711564.3004
7527220.32451
8442005.45651
9467962.32293
10618605.9515
11909085.4467
13356398.9617
14979602.8693
16800076.6462
18841791.2063
21131637.1162
23699766.8224
26580003.0221
29810273.3663
33433120.0982
37496250.653
42053175.0736
47163902.0092
52895737.214
59324162.0892
66533835.1233
74619699.733
83688241.2625
93858882.9666
105265564.721
118058501.192
132406165.441
148497502.433
166544422.152
186784585.641
209484539.182
234943220.314
263495898.526
295518586.715
331432996.507
371712088.451
416886303.702
467550546.424
524372021.043
588099016.01
659570760.698
739728474.861
829627766.005
930452528.602
1043530537.05
1170350929.29
1312583819.37
1472102289.56
1651007058.93
1851654146.36
2076685898.78
2329065787.1
2612117433.94
2929568381.49
3285599181.24
3684898446.99
4132724600.94
4634975121.39
5198264208.46
5830009886.28
6538531692.83
7333160240.11
8224360090.93
9223867567.3
10344845308.2
11602055609.5
13012054830.8
14593411427.9
16366950483.5
18356027955.0
20586838252.2
23088759194.5
25894738891.5
29041729640.4
32571174555.6
36529553338.2
40968994372.9
45947961213.3
51532022496.1
57794715421.7
64818514176.0
72695916042.3
81530659509.9
91439090419.6
1.02551694136e+11
1.15014813926e+11
1.28992578171e+11
1.44669061795e+11
1.6225071037e+11
1.81969058822e+11
2.04083780546e+11
2.28886107075e+11
2.56702663347e+11
2.87899769067e+11
3.22888262817e+11
3.62128912443e+11
4.06138482965e+11
4.55496541913e+11
5.10853091735e+11
5.72937129751e+11
6.42566248414e+11
7.20657402289e+11
8.08238983538e+11
