100.0
0.0
100.0
20.0
110.0
40.0
124.0
64.0
143.0
92.8
168.2
127.8
201.06
170.72
243.44
223.712
297.69
289.472
366.7764
371.3812
454.4398
473.68368
565.39368
601.70976
705.574396
762.156864
882.455716
963.4427192
1105.4445284
1216.1495488
1386.37864384
1533.5827264
1740.15300644
1932.47341005
2185.5074161
2433.86228398
2746.01739876
3064.2111082
3451.34059716
3856.80081635
4338.78455868
4853.4900466
5455.27878167
6106.92703997
6859.85524685
7683.33180097
8626.76853302
9665.99555434
10849.4204179
12159.682441
13645.2963821
15296.16608
17162.1749121
19241.1936006
21585.9377663
24203.245191
27150.3939776
30444.5521043
34149.6367924
38294.9554189
42953.586611
48169.3379878
54027.5413741
60589.5508519
67956.7676327
76211.9929255
85477.4319405
95862.3015373
107515.507289
120578.987218
135235.71079
151668.318829
170103.058963
190773.359709
213960.293808
239960.803385
269125.271646
301830.198117
338513.461704
379651.332785
425792.028492
477537.044937
535573.641219
600660.583914
673660.253056
755529.016652
847349.733961
950327.125654
1065821.5626
1195349.97411
1340621.96112
1503546.9992
1686274.11221
1891206.38883
2121045.70816
2378815.91119
2667914.39714
2992145.69171
3355782.1502
3763610.16226
4221002.72825
4733981.16147
5309302.97573
5954542.72334
6678199.48084
7489801.43463
8400038.32308
9420895.60314
10565818.5581
11849883.4112
13290001.511
14905136.6832
16716560.0491
18748125.3265
21026587.5368
23581951.0046
26447868.607
29662081.0446
33266917.5616
37309849.8665
41844120.6313
46929441.4833
52632782.3607
59029250.5962
66203082.7205
74248751.2166
83272211.0758
93392292.8204
104742269.591
117471610.157
131747949.263
147759293.357
165716498.253
185856044.226
208443151.851
233775273.212
262186010.522
294049508.005
329785380.349
369864237.431
414813883.002
465226264.301
521765268.523
585175464.644
656291909.684
736051144.779
825503529.465
925827073.18
1038342949.39
1164532893.55
1306058716.97
1464784190.75
1642799590.62
1842449223.5
2066362300.47
2317487560.7
2599132104.23
2915004943.14
3269265846.41
3666580120.05
4112180045.47
4611933783.65
5172422654.12
5801027804.75
6506027415.39
7296705713.94
8183475241.76
9178013977.49
10293419126.1
11544379597.2
12947369445.8
14520864820.2
16285587277.8
18264776669.1
20484497186.4
22973980606.7
25766011248.0
28897357710.9
32409257088.0
36347958021.1
40765329755.0
45719545209.8
51275847068.0
57507406962.9
64496289085.5
72334530897.5
81125355184.8
90984529410.9
1.02041890273e+11
1.14443053538e+11
1.28351331674e+11
1.43949884533e+11
1.61444131408e+11
1.81064456222e+11
2.03069241482e+11
2.27748270957e+11
2.55426545868e+11
2.86468564875e+11
3.21283124207e+11
3.60328701145e+11
