0.0
40.0
0.0
40.0
8.0
44.0
16.0
49.6
25.6
57.2
37.12
67.28
51.12
80.424
68.288
97.376
89.4848
119.076
115.7888
146.71056
148.55248
181.77592
189.473472
226.157472
240.683904
282.2297584
304.8627456
352.9822864
385.37708768
442.17781136
486.45981952
554.551457536
613.43309056
696.061202576
772.989364019
874.202966442
973.54491359
1098.4069595
1225.68444328
1380.53623887
1542.72032654
1735.51382347
1941.39601864
2182.11151267
2442.77081599
2743.94209874
3073.33272039
3450.70741321
3866.39822173
4339.76816716
4863.87297641
5458.11855283
6118.46643202
6864.86996482
7696.47744023
8634.37510651
9681.29807639
10860.157591
12177.8208417
13659.854717
15317.9821676
17181.4346444
19267.7351951
21611.0165496
24235.8203408
27182.7070531
30484.7971702
34190.9727762
38344.9206149
43006.2029156
48231.5948872
54094.2843162
60667.3275318
68041.2235852
76309.3438837
85584.1175231
95984.3213539
107650.108658
120732.079247
135405.384681
151860.533114
170316.811397
191014.817975
214229.456488
240264.233566
269464.101222
302211.606661
338939.893584
380130.850262
426328.625039
478139.989645
536248.784449
601418.799679
674509.644882
756482.555533
848418.283263
951526.364477
1067165.75886
1196858.27668
1342312.86008
1505444.0649
1688401.0913
1893592.46459
2123721.19029
2381817.08934
2671279.79234
2995920.57385
3360015.32923
3768358.24125
4226327.42324
4739953.36449
5316000.60441
5962054.67326
6686624.01963
7499250.13059
8410635.01473
9432780.40184
10579147.4428
11864832.4178
13306767.0247
14923939.9466
16737648.2525
18771776.5933
21053112.9443
23611700.2385
26481233.0882
29699500.4867
33308884.4303
37356917.1281
41896907.8365
46988644.0629
52699179.7051
59103717.343
66286599.3014
74342417.6903
83377260.7405
93510109.2849
104874404.209
117619803.202
131914152.14
147945694.972
165925553.201
186090505.72
208706107.409
234070185.858
262516763.874
294420457.912
330201411.786
370330829.272
415337179.756
465813157.421
522423486.789
585913676.299
657119836.248
736979689.399
826544920.187
926995024.278
1039652841.69
1166001977.26
1307706338.57
1466632048.02
1644872018.19
1844773513.46
2068969061.65
2320411121.9
2602410966.16
2918682285.58
3273390096.7
3671205591.0
4117367650.43
4617751838.89
5178947778.3
5808345928.08
6514234911.13
7305910667.63
8193798874.57
9189592242.66
10306404499.2
11558943084.3
12963702835.2
14539183208.5
16306131902.0
18287818083.9
20510338827.2
23002962785.2
25798515634.2
28933812359.0
32450142073.9
36393811764.4
40816756109.2
45777221415.0
51340532669.4
57579953813.3
64577652563.3
72425782488.7
81227696592.9
91099308382.7
1.02170618347e+11
1.1458742595e+11
1.28513249683e+11
