0.0
0.0
20.0
0.0
20.0
4.0
22.0
8.0
24.8
12.8
28.6
18.56
33.64
25.56
40.212
34.144
48.688
44.7424
59.538
57.8944
73.35528
74.27624
90.88796
94.736736
113.078736
120.341952
141.1148792
152.4313728
176.4911432
192.68854384
221.08890568
243.22990976
277.275728768
306.71654528
348.030601288
386.49468201
437.101483221
486.772456795
549.203479752
612.84222164
690.268119433
771.36016327
867.756911736
970.698009321
1091.05575633
1221.38540799
1371.97104937
1536.66636019
1725.3537066
1933.19911087
2169.88408358
2431.93648821
2729.05927641
3059.23321601
3432.43498241
3848.23872011
4317.18755326
4840.6490382
5430.07879552
6088.91042086
6829.92735848
7658.99108378
8590.71732221
9633.86759756
10805.5082748
12117.9101704
13591.3535265
15242.3985851
17095.4863881
19172.4603075
21503.1014578
24115.7974436
27047.1421581
30333.6637659
34020.6117926
38154.6719419
42792.0587616
47992.160677
53825.0543292
60366.0396235
67702.6923407
75930.266557
85158.4056983
95507.4089875
107114.728244
120132.116783
134732.050611
151105.80333
169469.946792
190065.425131
213164.312519
239069.994822
268124.392225
300709.399839
337254.822441
378241.277766
424209.141631
475763.182239
533582.879429
598429.138342
671156.43004
752722.032451
844200.545651
946796.232293
1061860.59515
1190908.54467
1335639.89617
1497960.28693
1680007.66462
1884179.12063
2113163.71162
2369976.68224
2658000.30221
2981027.33663
3343312.00982
3749625.0653
4205317.50736
4716390.20092
5289573.7214
5932416.20892
6653383.51233
7461969.9733
8368824.12625
9385888.29666
10526556.4721
11805850.1192
13240616.5441
14849750.2433
16654442.2152
18678458.5641
20948453.9182
23494322.0314
26349589.8526
29551858.6715
33143299.6507
37171208.8451
41688630.3702
46755054.6424
52437202.1043
58809901.601
65957076.0698
73972847.4861
82962776.6005
93045252.8602
104353053.705
117035092.929
131258381.937
147210228.956
165100705.893
185165414.636
207668589.878
232906578.71
261211743.394
292956838.149
328559918.124
368489844.699
413272460.094
463497512.139
519826420.846
583000988.628
653853169.283
733316024.011
822436009.093
922386756.73
1034484530.82
1160205560.95
1301205483.08
1459341142.79
1636695048.35
1835602795.5
2058683825.22
2308875919.45
2589473889.15
2904172964.04
3257117455.56
3652955333.82
4096899437.29
4594796121.33
5153202249.61
5779471542.17
6481851417.6
7269591604.23
8153065950.99
9143909041.96
10255169413.6
11501481392.6
12899257817.1
14466906179.5
16225071037.0
18196905882.2
20408378054.6
22888610707.5
25670266334.7
28789976906.7
32288826281.7
36212891244.3
40613848296.5
45549654191.3
51085309173.5
57293712975.1
